image: map_data.pgm
resolution: 0.050000
origin: [-21.916528, -10.050000, 0.000000]
negate: 0
occupied_thresh: 0.65
free_thresh: 0.196

