image: map_data.pgm
resolution: 0.050000
origin: [-20.489680, -4.103545, 0.000000]
negate: 0
occupied_thresh: 0.65
free_thresh: 0.196

